0.7441038
0.6818537
0.6565044
0.71405995
0.7269702
0.6834322
0.71872497
0.72167516
0.6713302
0.6868065
0.66640437
0.7525968
0.74279976
0.73762035
0.76402
0.58519995
0.6777301
0.6665585
0.7481519
0.7063935
0.7036361
0.7589378
0.748575
0.7270386
0.76649326
0.76352334
0.73036593
0.5206293
0.5812973
0.75462663
0.72293353
0.71084917
0.64299595
0.67889154
0.6765264
0.72200817
0.37396294
0.4275637
0.6721158
0.5447507
0.65482676
0.7158196
0.6932372
0.6851851
0.6085322
0.71748585
0.6857413
0.70974374
0.4744424
0.52104044
0.7443309
0.683699
0.7607568
0.7063114
0.7353809
0.68163556
0.7383403
0.5079213
0.7004839
0.7347291
0.66202915
0.71511865
0.7350721
0.5196992
0.46331653
0.7023015
0.45399088
0.6848665
0.6924447
0.57965827
0.72706354
0.7190392
0.56201226
0.7577693
0.7759237
0.7044724
0.542437
0.6886271
0.767571
0.694664
0.7682265
0.38811198
0.5136658
0.74492896
0.69796586
0.7857289
0.6518742
0.5190542
0.35613123
0.65597117
0.5875311
0.72860634
0.7225801
0.63748825
0.68364483
0.5817406
0.5227395
0.6868478
0.5343257
0.7050417
0.6693331
0.67342776
0.6973402
0.3984221
0.70489544
0.6924387
0.7047856
0.696608
0.6959182
0.6950157
0.5450554
0.72009206
0.64009964
0.68408597
0.6952069
0.74154687
0.7189137
0.3698445
0.7333429
0.6398177
0.64805096
0.67293495
0.55564916
0.7056277
0.7344663
0.7039248
0.7408012
0.6680273
0.5873227
0.71205604
0.6268604
0.7189405
0.5949332
0.711495
0.7212098
0.690217
0.71295696
0.3884681
0.7024369
0.7505114
0.67900145
0.7190454
0.70830685
0.7671478
0.737499
0.71667814
0.7418524
0.6793644
0.66024095
0.58312774
0.63408554
0.71058404
0.45894992
0.71252835
0.5981832
0.63069665
0.6886755
0.697215
0.53657997
0.75557214
0.7222714
0.7178236
0.7254016
0.6802366
0.734853
0.30012372
0.7294369
0.6130296
0.7237556
0.67181647
0.58940667
0.5207621
0.6899644
0.6770296
0.70650333
0.7482412
0.73909426
0.7495087
0.78520054
0.65978247
0.3811369
0.75985897
0.6410116
0.72921365
0.750335
0.7226482
0.7029731
0.5983784
0.5842337
0.5251285
0.69144505
0.74063313
0.6926059
0.6482694
0.69581574
0.7097137
0.7450939
0.6882906
0.6588559
0.6965697
0.72429323
0.67215145
0.7486351
0.4763754
0.68429023
0.7334415
0.74179476
0.7539474
0.6592549
0.7308936
0.6250277
0.69414103
0.53852046
0.7207813
0.52111304
0.70650333
0.6792444
0.6937756
0.7135088
0.6787342
0.76828086
0.6409761
0.7634347
0.69030297
0.37132734
0.5910568
0.73478293
0.6595521
0.7486246
0.6546079
0.52708834
0.6893077
0.617825
0.7142725
0.72067595
0.28578117
0.3348669
0.70948803
0.46587336
0.43396604
0.46593514
0.7254776
0.47949427
0.74278706
0.49588257
0.6738105
0.70926154
0.7078502
0.7149936
0.7396023
0.71876055
0.6884602
0.582071
0.7160819
0.6875912
0.6946598
0.74911857
0.7167284
0.72983867
0.67982763
0.6545887
0.72002953
0.7220254
0.6684611
0.72080123
0.5008965
0.6870668
0.7195114
0.710381
0.49576455
0.6743938
0.69584143
0.7042278
0.7142482
0.6176104
0.49402368
0.63507473
0.53033924
0.4385661
0.670046
0.7134007
0.75608766
0.69835484
0.7265408
0.57068837
0.5957651
0.7333573
0.591427
0.7165436
0.73189694
0.7148831
0.30901822
0.7254016
0.57997656
0.5685754
0.46459156
0.663515
0.6921867
0.6167964
0.7284087
0.6304551
0.5141643
0.72071
0.6919453
0.72713697
0.7193655
0.6359129
0.68757224
0.7105547
0.738593
0.6410438
0.48101783
0.7375443
0.6522938
0.5825794
0.31841025
0.7246147
0.7119037
0.7280244
0.7048106
0.69227076
0.68036747
0.50961393
0.39181054
0.6803249
0.717944
0.732937
0.71517146
0.7211419
0.53746665
0.6789048
0.69763166
0.765358
0.61333895
0.6972909
0.4371047
0.39057627
0.73792624
0.67535484
0.74678624
0.7129804
0.69716775
0.59911156
0.7860017
0.7210398
0.7373085
0.47289756
0.64114636
0.71182424
0.739213
0.7238427
0.70041215
0.5192921
0.7460627
0.7031776
0.7222892
0.6780453
0.7276324
0.6939671
0.7308063
0.631109
0.68698037
0.6213088
0.5111044
0.66985655
0.7312738
0.5901671
0.69853365
0.7325046
0.56201416
0.7414633
0.7900696
0.64277494
0.6985934
0.5200604
0.6748791
0.6326363
0.6371391
0.7385267
0.66151637
0.72242415
0.71685535
0.69923437
0.5233953
0.7018218
0.70909995
0.64371955
0.705191
0.72618014
0.7455362
0.7013525