0.67620945
0.614674
0.5334087
0.5732065
0.5446649
0.57829344
0.5667542
0.6456568
0.63228965
0.6376719
0.5965923
0.62994814
0.569595
0.5955573
0.5200969
0.58237153
0.69051164
0.6007873
0.5866803
0.6460836
0.6912278
0.5859209
0.5832533
0.5442959
0.593979
0.5572537
0.6845337
0.5693883
0.5078609
0.6204954
0.48887378
0.47046983
0.61205995
0.60181946
0.50704694
0.5845568
0.5789703
0.59890324
0.50469863
0.7267821
0.6165606
0.59644854
0.56162715
0.626953
0.7500999
0.64812064
0.6307569
0.56325483
0.5612866
0.4610755
0.6191695
0.5810031
0.637689
0.4535167
0.6382004
0.6571057
0.6525233
0.66515285
0.5734787
0.8033103
0.4727627
0.52616215
0.5477585
0.57354164
0.6108403
0.70240533
0.6365747
0.45802137
0.69344044
0.6193155
0.5836638
0.7446499
0.49109465
0.6051828
0.5570021
0.6286032
0.5733795
0.57897425
0.50374544
0.56514156
0.4824165
0.4838717
0.5864851
0.5826031
0.5470622
0.5275191
0.48554483
0.54921573
0.57179856
0.5270971
0.56725186
0.5961659
0.6024907
0.6704103
0.6179495
0.59468865
0.4953807
0.58101237
0.5662645
0.49767554
0.6157714
0.5705154
0.50398064
0.56811607
0.56635803
0.5952233
0.6046351
0.6352209
0.6091269
0.54901063
0.6747259
0.65140414
0.49899107
0.6763811
0.56773746
0.53143036
0.63510585
0.4935828
0.6009489
0.61194295
0.60961044
0.60334826
0.6876623
0.5630638
0.72295797
0.5958445
0.55044824
0.61984766
0.53607494
0.6995768
0.6436495
0.6621572
0.6088313
0.55493534
0.6808754
0.74910355
0.57172614
0.6703854
0.5539867
0.7497381
0.55874896
0.66598713
0.7351718
0.52197725
0.6074488
0.5586369
0.5478405
0.70215845
0.59343326
0.54127324
0.5290051
0.5287981
0.6448614
0.57396466
0.56731236
0.69778144
0.47178102
0.5529042
0.62265265
0.6551018
0.66503394
0.5397923
0.56166244
0.5870874
0.43844056
0.74513733
0.5482556
0.5440469
0.596624
0.5747793
0.64464176
0.5556575
0.4939019
0.56224453
0.5824313
0.46244454
0.61489195
0.65562546
0.5808807
0.6406052
0.644416
0.69166183
0.6207755
0.6494821
0.6177633
0.52481836
0.57551706
0.59761775
0.55826616
0.56947196
0.66791874
0.61011887
0.5908336
0.5861187
0.5951561
0.6168332
0.5915251
0.7064655
0.6204434
0.5632874
0.5938344
0.5990192
0.62569606
0.61388737
0.6691473
0.553558
0.5258268
0.49876788
0.58918226
0.775638
0.6034336
0.6035677
0.55186594
0.67021406
0.45442647
0.5001534
0.6302229
0.5471608
0.56578875
0.52557737
0.5568084
0.51143235
0.5948795
0.6216238
0.58473873
0.5571626
0.6479249
0.6595211
0.6551018
0.5605805
0.61116695
0.58740926
0.53657115
0.5579027
0.7025786
0.5848018
0.63076866
0.6279883
0.64869714
0.6382263
0.7098858
0.6307045
0.64335966
0.58562845
0.54777616
0.44830018
0.6202024
0.75787425
0.51989347
0.49674505
0.5723237
0.5485357
0.5662916
0.59041846
0.58098274
0.5822933
0.603311
0.5319994
0.7018554
0.56655
0.4328578
0.5346973
0.58171165
0.6773747
0.5725955
0.7130325
0.6823214
0.6498182
0.62386787
0.6603837
0.54554844
0.6027371
0.717608
0.56572497
0.5527535
0.63617194
0.5534382
0.64804053
0.5576057
0.60924506
0.52237964
0.5724062
0.5439837
0.5740224
0.60512924
0.5947777
0.616832
0.5577353
0.58758545
0.7785225
0.5655565
0.58353704
0.58430356
0.52523726
0.4854155
0.68040097
0.639781
0.560686
0.66564345
0.4778827
0.52932304
0.67687786
0.5634542
0.65536684
0.52559143
0.58918226
0.6326479
0.50858253
0.5900407
0.67822075
0.4988406
0.6192102
0.55866385
0.6104443
0.5956677
0.7003819
0.48121065
0.72523904
0.7542224
0.56365085
0.6285844
0.7106645
0.6245861
0.65693134
0.4998595
0.5581948
0.59355
0.61757153
0.6470157
0.5591367
0.6239298
0.689001
0.64492893
0.5728508
0.47520062
0.63043153
0.5694856
0.5470357
0.57284725
0.4856063
0.50655824
0.49304867
0.6425779
0.63561153
0.57590324
0.59180915
0.62641865
0.558218
0.6733581
0.6494132
0.67105865
0.5944133
0.5879338
0.49885017
0.47979876
0.5308703
0.52908623
0.5019133
0.7705456
0.50647444
0.6027371
0.58485055
0.47188315
0.64945936
0.5909631
0.64009786
0.48558497
0.60176677
0.5777011
0.59631455
0.54253125
0.48648214
0.59608984
0.5108932
0.5345298
0.69341266
0.5715435
0.5160172
0.6856624
0.5275737
0.53018445
0.5354862
0.5413929
0.6652044
0.6271637
0.6035558
0.6285205
0.5600553
0.5384128
0.74221087