0.77547413
0.54987717
0.63215005
0.76430386
0.68271214
0.6784366
0.66274303
0.73826283
0.6405878
0.6779168
0.67412204
0.7797398
0.77549756
0.79907435
0.78848916
0.6344966
0.6608281
0.6514939
0.8080333
0.7604917
0.6445427
0.7713749
0.76330715
0.84479386
0.8423082
0.7633088
0.8183394
0.42884213
0.61835265
0.774271
0.69019747
0.64847964
0.594615
0.71272
0.56963825
0.65904576
0.51549506
0.5562852
0.56440085
0.57118
0.62613726
0.5982103
0.5715228
0.52401096
0.6140518
0.8162604
0.7246479
0.68690825
0.71994776
0.45950893
0.79854643
0.68024427
0.6784012
0.5547077
0.8144906
0.70225954
0.76899076
0.59050846
0.7169107
0.7838589
0.6553668
0.78477746
0.78121215
0.6436264
0.6297968
0.66384125
0.46224827
0.57340324
0.7098446
0.5580773
0.7795293
0.8689545
0.55566573
0.7773858
0.79227805
0.7054802
0.6768404
0.61601335
0.7941061
0.51732445
0.7531136
0.5280985
0.58337396
0.61543393
0.81862235
0.83674276
0.69106877
0.6160386
0.43067878
0.7113952
0.6906665
0.72781545
0.711827
0.6242769
0.60642964
0.5835206
0.63449746
0.69866675
0.5027604
0.7059155
0.6743013
0.62028474
0.66591686
0.5136334
0.67179704
0.6284822
0.68264765
0.73705727
0.7067117
0.7310144
0.59072816
0.65232605
0.60332954
0.73910403
0.7201939
0.6550845
0.60917157
0.69627774
0.7251848
0.6027961
0.6634037
0.7250704
0.63971
0.7890303
0.7591676
0.6307926
0.7784599
0.6836992
0.57504517
0.7637283
0.5164482
0.7048158
0.63462013
0.71213436
0.5812571
0.54058355
0.8163982
0.5999453
0.6279152
0.77208334
0.79837376
0.8193355
0.7354168
0.7801707
0.7995102
0.7189139
0.7352399
0.62593406
0.67111
0.54292786
0.6158562
0.7052343
0.5946712
0.75055736
0.7537554
0.60657346
0.673179
0.6996127
0.4380085
0.8270553
0.8352336
0.47451133
0.68978786
0.6786983
0.69738746
0.38989872
0.7356154
0.55734974
0.6820567
0.7194823
0.506466
0.6489532
0.7108424
0.585522
0.7575405
0.7987026
0.68528986
0.8292671
0.7915214
0.68330866
0.3962763
0.78599733
0.6378511
0.78251237
0.81042403
0.80787903
0.70797294
0.68327117
0.3025102
0.44915217
0.7799952
0.754663
0.70753926
0.5968085
0.7363934
0.78997964
0.7273365
0.5966873
0.601596
0.6746253
0.759586
0.62251544
0.8035922
0.54854786
0.5965983
0.6729282
0.75701684
0.8172754
0.62008876
0.6732859
0.591083
0.5974617
0.6541949
0.71846765
0.57111764
0.7575405
0.67705506
0.444359
0.7226251
0.5947683
0.78291494
0.6380877
0.74735045
0.68827516
0.3603382
0.6451775
0.7187225
0.6184351
0.77604663
0.69570255
0.53176075
0.6584806
0.5570288
0.7509574
0.80947936
0.40684158
0.65436256
0.6317596
0.6985333
0.56600845
0.6698404
0.76323736
0.627382
0.78887457
0.55655587
0.6670358
0.80951685
0.6817039
0.73097634
0.8038394
0.7796042
0.66982377
0.5878969
0.6612628
0.67172503
0.6659338
0.77746856
0.67603123
0.7739205
0.566698
0.62720495
0.7473682
0.7950079
0.6275951
0.7646715
0.56714314
0.52035475
0.77638984
0.69675606
0.26669893
0.7496117
0.64907485
0.75384325
0.754559
0.56277823
0.5447457
0.62736255
0.5627097
0.5693091
0.74861044
0.67203313
0.8175637
0.6656118
0.8038003
0.56592053
0.6189646
0.8076796
0.6406725
0.77603334
0.73057204
0.73847324
0.39584583
0.68978786
0.6657277
0.64701307
0.5775762
0.69350946
0.655877
0.58860725
0.6461309
0.66507256
0.7189434
0.755043
0.68232214
0.80325145
0.65781504
0.6874901
0.6123875
0.70533156
0.80012494
0.78883505
0.37471664
0.69955117
0.61847794
0.6107623
0.3618325
0.81150544
0.57602346
0.7908544
0.7428031
0.5762761
0.64411753
0.59304506
0.4504423
0.64283437
0.63037306
0.719372
0.78172976
0.79983884
0.62640357
0.6252211
0.7207752
0.768881
0.53923804
0.80095
0.5386309
0.6061646
0.74682844
0.697485
0.80318487
0.7155487
0.6799338
0.3407846
0.7674755
0.76258445
0.7954551
0.5147335
0.591096
0.7885882
0.7234404
0.8013475
0.7390011
0.40543383
0.6923886
0.6579679
0.7162521
0.74215096
0.659035
0.6940481
0.6991282
0.69220185
0.72363627
0.66264343
0.3286176
0.7185083
0.78255945
0.6362279
0.69867927
0.6889372
0.52760464
0.782939
0.8226701
0.63237137
0.62872654
0.6467156
0.4925753
0.5823562
0.5659575
0.77008665
0.54382557
0.7509588
0.689851
0.6785121
0.6154323
0.66251487
0.70254797
0.5847379
0.7204613
0.7272176
0.83613217
0.7031577