0.7543496
0.62097603
0.64496803
0.76733863
0.7207895
0.72887
0.68548936
0.7013263
0.69461423
0.5731686
0.73445207
0.80163497
0.8160803
0.77624077
0.73693347
0.56252396
0.6762142
0.69980437
0.7836276
0.6847264
0.6988511
0.8044
0.812725
0.8114316
0.8040081
0.8077995
0.7765936
0.3247728
0.6318311
0.78097314
0.6352392
0.6485285
0.6906206
0.7670244
0.5253421
0.7047798
0.6288673
0.7334974
0.5045624
0.5789501
0.55842626
0.66157174
0.5017773
0.5502605
0.6165622
0.74316627
0.6859704
0.7251027
0.64645433
0.33707416
0.79299587
0.69341916
0.74962795
0.48596275
0.8003299
0.6956692
0.60493225
0.60677904
0.72754127
0.7831136
0.6423979
0.71147126
0.7927391
0.66349417
0.60389113
0.6220401
0.40247518
0.6397789
0.7366323
0.59649736
0.74779314
0.7623493
0.60182315
0.84106165
0.7542278
0.6309863
0.6616595
0.60527617
0.7557389
0.6687035
0.7305799
0.56349826
0.6218089
0.72895104
0.7625957
0.8141288
0.6057862
0.58338743
0.44176716
0.6519933
0.6660301
0.70852095
0.6981119
0.6321859
0.72317487
0.54936796
0.50683117
0.6663535
0.5840516
0.701577
0.67506367
0.56196165
0.6555111
0.35445526
0.68578196
0.65711075
0.63429713
0.65205425
0.6902849
0.64905995
0.6462993
0.6551794
0.6354256
0.71159476
0.733491
0.63377625
0.73276716
0.64266616
0.72053766
0.56951374
0.5277549
0.7068959
0.6709572
0.7628384
0.7607272
0.59562033
0.7880538
0.6483039
0.596636
0.7867888
0.6023784
0.67389005
0.6617259
0.7269687
0.7216199
0.469835
0.7837126
0.6005498
0.6271108
0.75596684
0.7574234
0.7906303
0.7553536
0.7146134
0.8007818
0.70623326
0.725177
0.66474015
0.7054371
0.5871245
0.6383527
0.6441557
0.52774966
0.6920454
0.77355164
0.5783949
0.7057621
0.64057505
0.61679226
0.7977358
0.78826594
0.57014906
0.7276296
0.66256326
0.6650277
0.31124592
0.7093841
0.6448446
0.7053987
0.68555564
0.62495935
0.609358
0.67327136
0.6445021
0.79306644
0.7966877
0.5652176
0.8007813
0.8091102
0.64631665
0.2969717
0.8136806
0.6687171
0.69090956
0.8732255
0.825985
0.6915856
0.71341383
0.22629067
0.58939713
0.77843803
0.785902
0.6001361
0.5459592
0.6732958
0.81565505
0.6426974
0.66830426
0.6725273
0.6817349
0.7216415
0.54295963
0.75680226
0.60487795
0.6887019
0.70194846
0.72631794
0.7956494
0.59291893
0.6686429
0.6438606
0.63760763
0.66647947
0.7091028
0.4924342
0.79306644
0.64375556
0.36895704
0.7055585
0.6195182
0.72948873
0.63817054
0.7666883
0.6824985
0.44223565
0.6090286
0.7071599
0.68408656
0.8180942
0.6138715
0.47871128
0.66878957
0.47099632
0.7785185
0.79633087
0.2689194
0.6496086
0.62856185
0.649422
0.5347214
0.6555415
0.73860526
0.5347659
0.75644255
0.7319623
0.68176955
0.7905333
0.6940082
0.7787477
0.779776
0.80652493
0.57092404
0.61899775
0.71686506
0.6550742
0.7383017
0.7603538
0.7060476
0.80787504
0.5314455
0.6148395
0.71014917
0.76476043
0.62403935
0.7471716
0.5901598
0.62906533
0.80977875
0.6650494
0.21584673
0.74093384
0.60204077
0.7114802
0.70427066
0.60350907
0.47629118
0.64897066
0.67610765
0.5164393
0.68007696
0.62762386
0.80979115
0.70363003
0.7051213
0.5929215
0.6564316
0.74694914
0.5059141
0.75973
0.66777974
0.7578992
0.24915156
0.7276296
0.5851132
0.6256475
0.48101726
0.67079973
0.6245408
0.5092707
0.6767976
0.75518423
0.6191096
0.76162136
0.60881096
0.78189117
0.68508
0.7263385
0.59612817
0.7399911
0.7391927
0.7568048
0.26783052
0.35221887
0.66879505
0.6357219
0.3755759
0.7718255
0.6879838
0.82125
0.7301636
0.637517
0.698077
0.4837367
0.5655565
0.60766226
0.6548924
0.7061532
0.80692345
0.85416085
0.5483565
0.72991663
0.6899839
0.7700241
0.60742736
0.7014871
0.50155056
0.5669166
0.7829111
0.7007175
0.7636939
0.71294457
0.689207
0.35592446
0.79049104
0.72899485
0.79308516
0.6041453
0.5790524
0.779537
0.68964523
0.78634244
0.75757056
0.29293075
0.71859026
0.56868243
0.64837533
0.7870472
0.69265056
0.7005901
0.6526728
0.5816833
0.7668147
0.4661308
0.33829775
0.6333161
0.7885831
0.5880862
0.6973339
0.71293074
0.5250863
0.8069048
0.8326669
0.6301518
0.64515835
0.6003613
0.42534855
0.53882164
0.6501332
0.8201447
0.5441791
0.72545165
0.6924271
0.6396076
0.5775271
0.69090444
0.7319209
0.59742546
0.70184803
0.7525972
0.7838034
0.6686584