0.5806659564495144
0.5119067657852396
0.548258949293901
0.5220264670935626
0.5440375931141674
0.558077556275438
0.5687523389430793
0.5256030761159742
0.5168633688836208
0.61401844966036
0.510803837543268
0.5938055196823623
0.5841743040711871
0.6073803715377619
0.5721177959453861
0.567040110540889
0.6386843515762843
0.6184254536832358
0.5253765063092938
0.5215972970246358
0.5972395157996883
0.5556110319142952
0.554432729220598
0.5921631274159554
0.5982430810168882
0.5572848325818595
0.5775445973746755
0.5700481754969176
0.5380415420961251
0.5726929156644273
0.5014364313583909
0.6396863833082225
0.687901173358448
0.5704657760298064
0.5535710100376086
0.6506623084688907
0.6106109985238263
0.5683244767130321
0.6241908714247993
0.5536751356902078
0.5528346459182171
0.5539375810426829
0.6013401165090131
0.5174142528038906
0.5866562102933212
0.6175200245443602
0.5215187191678695
0.5886235119270024
0.5769262616429399
0.47340350539088605
0.5200512310275394
0.5937575922189063
0.6394218239091722
0.5760787719640212
0.5369663138485816
0.5534875418731229
0.6246714668012889
0.5713158491446821
0.4719095461467548
0.537688812268496
0.5736489781859403
0.5121452716983623
0.5299940248022131
0.6217023754125846
0.5843763911313297
0.6171540424658022
0.6639103643686878
0.5554566135291682
0.5325243304981206
0.5553570665261232
0.5850606966469782
0.5673062144242049
0.6601125163522512
0.640157085410472
0.5755981990954295
0.5498680130785759
0.6246278224693137
0.5734907580360111
0.5548030516387258
0.6003097898626975
0.5535258989938348
0.48937642954992233
0.5371796421956393
0.5853930341724665
0.561642917364299
0.5857912521681337
0.6138901138281518
0.529922395202432
0.5869179000856263
0.6401260339700762
0.5599662328400933
0.5573869033929064
0.562320523886805
0.6153336234502257
0.5192291875907188
0.5666041350910407
0.6021637906089263
0.584336173202611
0.5279561624640546
0.5478364528395867
0.5954878442201655
0.5439145951511589
0.5790723054121829
0.5126474816221236
0.5666271346309052
0.5306789727209469
0.51386780439021
0.5755553138586713
0.5700255455437789
0.5681612241144107
0.639154157672757
0.6058428517005738
0.567380683988074
0.5839926796995796
0.5558208647881198
0.5198773617246176
0.5258816199139524
0.6288750558208004
0.6398549838995808
0.5546208310046902
0.5663643497264295
0.6201158792881621
0.5560024189627302
0.569126698725716
0.5741192464478152
0.5700402555919394
0.56166971530403
0.579785516238166
0.6070234759554196
0.5966464582398499
0.5277864490055609
0.573748088032705
0.5633098380345976
0.5505336125078971
0.6401570854157893
0.5951712361282824
0.5378742358257506
0.4973319158178766
0.6139758015080772
0.5403482387956029
0.6436842264070407
0.5538211431762203
0.5423601900153235
0.6049922209327522
0.5733135694226233
0.619302744316806
0.5803128784691844
0.6105867877823755
0.6822979611202442
0.5828321875865938
0.5966687532980562
0.593992416199333
0.5252694429516039
0.668610247446466
0.5565523915060431
0.5751376187539613
0.5476801440020989
0.540100297064041
0.5035807506913165
0.5226334600369532
0.5858053929152702
0.5735509275805256
0.586306920057165
0.5772829458909507
0.5788189280049734
0.5159237859350937
0.5700314839359739
0.6320672142314623
0.5003577766994982
0.5887093038795226
0.551800044283979
0.5570628368613275
0.5488998255759419
0.5656561828830037
0.5882727679742186
0.5666258286892019
0.5825508747551728
0.5435684211589249
0.5621140572694123
0.5762102322544578
0.5381996913736626
0.5609705990607183
0.5469117791838092
0.5629067641064888
0.5848553486065647
0.5784998424107388
0.6004993839022309
0.5632804582101993
0.5252230882751927
0.530364782285657
0.5549950266249055
0.5870399195126924
0.5853442859227026
0.5846556029963177
0.6222050157694865
0.6122566932255663
0.5567357023181231
0.6047622748150518
0.534085998224938
0.5515551148919781
0.5622011011052186
0.641004152062466
0.520974101336707
0.6256178364965106
0.6401095444054081
0.5523564754502583
0.5782629590053725
0.554192546729089
0.563554554255635
0.5748658359904734
0.5780245031764814
0.5667693449898453
0.6402370307885189
0.5642175705881312
0.5639504123577738
0.5882727679742186
0.5681714373624969
0.5046356387089096
0.5691997920206862
0.5573708431291016
0.5335517117796951
0.574060422177365
0.5958134795377564
0.5439733567066278
0.5579035150937799
0.521035309417176
0.5909094512669159
0.5331236883143159
0.580274855723077
0.5904228769092452
0.6085928967038425
0.6216098158735509
0.5199610082215461
0.6077697276439552
0.6400387466537182
0.4981765536409087
0.6431915519811259
0.5783304918075759
0.553035847357849
0.5021044633667449
0.5632498885406205
0.5532416101848103
0.5212205258606464
0.5645846709267996
0.6249817572390562
0.5443976223267013
0.5713535799289562
0.5944865150034715
0.5042017515228507
0.6338219365727429
0.6007399926378147
0.5493748584945204
0.576744685925419
0.590215021724305
0.5687516973557686
0.6329374240323365
0.6268080185109204
0.6342464641963191
0.613047524942206
0.597837808822837
0.6994897301851773
0.6383430649810563
0.5685640631176321
0.6244422269400223
0.5888779552469914
0.49091529219714436
0.5806636664150832
0.5856784584333119
0.5593730732936681
0.5297931486987827
0.5968056937168552
0.6673208175054062
0.628486765911727
0.6401320218632289
0.5552942241753507
0.5346772690511755
0.5335512218435674
0.6343340849084974
0.5089623998178479
0.488344364674388
0.5707046597821575
0.542774441073822
0.5114188038576536
0.6000232844740245
0.5444161202290367
0.4971125267094003
0.6261157768181126
0.5483302247308506
0.6548167634117468
0.6255694606482416
0.5627441208394982
0.5113891641247188
0.586306920057165
0.5843784689590974
0.6199783019057731
0.47836093983550165
0.5659286537994763
0.5344543724391385
0.5292647593351745
0.6352839055323942
0.5795240514939983
0.5514317018776007
0.587208897707771
0.5450537087246002
0.5033537775824284
0.6393423078970045
0.589459076230315
0.5409812810015352
0.542286416900348
0.591185925451531
0.5714180516841779
0.52457968726932
0.6398953125996818
0.6408897858443995
0.5764974243025321
0.5082310660204907
0.6835244085217035
0.5485345087283305
0.5161492060821947
0.5010400831544033
0.5582689862516913
0.6196600673108167
0.5737909165350801
0.5434777319638913
0.5658062546178418
0.6000854537925426
0.639172819114626
0.5726478516936488
0.5673568529308362
0.575587127646811
0.5399959581657693
0.5672746088829762
0.5881897240069548
0.5419007952862636
0.5920580156826117
0.4949027630039587
0.6320520961114027
0.5776847698754853
0.5309252095518702
0.6398851383647088
0.5926319341414318
0.5274016066977014
0.507558673279579
0.5522117791036639
0.6473417126873101
0.5599057076642123
0.5360002823254371
0.5328855031581726
0.6308798388849242
0.5584336799732533
0.6401570854152844
0.5620523681970936
0.4964716309630571
0.5577467486507949
0.5810612198419799
0.5654609311067665
0.541525675001537
0.5616266363369133
0.5485682799645442
0.5505030404865021
0.6141205142025488
0.553465267212722
0.6513823330051344
0.5500152478101323
0.5454088183209536
0.5699401724803065
0.5508384735511058
0.5446184185755089
0.5620483998124582
0.5226870066403402
0.57752448021013
0.590891510007933
0.5046335460233828
0.5076585494445868
0.5539323113148187
0.5762265991232904
0.5292260334567187
0.5711527730664732
0.5467258001987373
0.5471738894555424
0.509343227329428
0.54488803348316
0.5640011469559788
0.5865218035236613
0.5483997482598424
0.5345330127169771
0.5927054245452688
0.636416009599438
0.563835604002316
0.5470941392063561
0.5136733937300004