0.7638525
0.58672744
0.66137457
0.76256055
0.6707368
0.6683327
0.6574074
0.7153384
0.66518986
0.6100667
0.68705857
0.80041397
0.79447776
0.7542371
0.76097465
0.6239029
0.65702796
0.68126607
0.79421926
0.7683921
0.596753
0.7865838
0.73951405
0.8221643
0.7989111
0.80585265
0.7656466
0.3853857
0.6648754
0.767673
0.66468626
0.64990044
0.5166771
0.752162
0.5471453
0.69752353
0.6210329
0.5987345
0.5548396
0.5152082
0.62545264
0.66556907
0.55631316
0.5585292
0.60988283
0.7697374
0.6894149
0.66900927
0.68326104
0.356978
0.772737
0.743484
0.7136253
0.46103626
0.80293405
0.6965443
0.7215881
0.6280977
0.7100147
0.7923009
0.6553891
0.73737484
0.77593917
0.69221383
0.6021167
0.68977904
0.42456698
0.60316944
0.6531247
0.53267074
0.74128735
0.78956115
0.53515947
0.7559959
0.7874076
0.6893958
0.6484105
0.55151
0.7546358
0.63560444
0.7503661
0.48946548
0.5855797
0.75013256
0.7732029
0.8098208
0.7279639
0.6171251
0.56675094
0.69641995
0.69678855
0.7454913
0.65613335
0.5874486
0.6038932
0.53992355
0.6046963
0.71825844
0.52271646
0.7095758
0.66911566
0.58666766
0.65541285
0.3856634
0.6905899
0.63742375
0.6731504
0.69779545
0.72444445
0.6362129
0.5313196
0.6283165
0.5722811
0.73198044
0.7367614
0.584672
0.72727144
0.67396474
0.7337183
0.5848135
0.60925585
0.73842496
0.63851833
0.7947552
0.7503946
0.61444885
0.743525
0.6954605
0.6453381
0.75322026
0.5492065
0.6763402
0.59587395
0.6888013
0.57718533
0.5806403
0.80572855
0.5858444
0.6491699
0.77965844
0.7638408
0.8210613
0.75769573
0.786664
0.7410598
0.68897635
0.73040414
0.6477311
0.64117974
0.51301384
0.65719473
0.6503727
0.526224
0.7336061
0.7889974
0.6433513
0.65286106
0.68642426
0.51306206
0.7923392
0.79762733
0.4529978
0.70230937
0.70970184
0.6957462
0.3628757
0.71358836
0.6469455
0.73709726
0.7392532
0.58114684
0.6710567
0.70625836
0.62311685
0.75345504
0.7866322
0.7427851
0.8214606
0.78428733
0.61067116
0.35320497
0.7779379
0.69182616
0.80904436
0.8070607
0.7641699
0.6490259
0.61632615
0.33075628
0.45084786
0.80477285
0.7236963
0.6834171
0.620195
0.71544766
0.7407181
0.67297316
0.6122946
0.5949461
0.6530973
0.77753115
0.6415963
0.7459154
0.6104548
0.66744244
0.7100049
0.76000917
0.81463194
0.59954727
0.68150365
0.63696545
0.6334059
0.6676376
0.72046435
0.5322927
0.75345504
0.67372525
0.37678236
0.67122036
0.5854565
0.7459917
0.6662773
0.7238838
0.7008035
0.3711834
0.63428766
0.73652065
0.5967227
0.7560618
0.6486613
0.46774274
0.671305
0.5415803
0.76046777
0.75476414
0.38961804
0.66730696
0.6896755
0.64793146
0.54968536
0.5984175
0.7779925
0.5246326
0.7625786
0.59948313
0.6576227
0.79018915
0.6763447
0.7407012
0.7790358
0.76279867
0.63630986
0.61740243
0.64874136
0.66518456
0.6578265
0.77884316
0.6779567
0.7691515
0.55447096
0.6260586
0.74417794
0.8023901
0.6859604
0.7586794
0.54217625
0.57196295
0.7591254
0.67869973
0.33624548
0.6757704
0.6276336
0.71964824
0.71007824
0.48992866
0.50763595
0.58065665
0.627713
0.542854
0.7180722
0.6797688
0.8296741
0.6586156
0.7574632
0.58949614
0.70153785
0.7874939
0.5928401
0.7526468
0.7147111
0.7053108
0.3204903
0.70230937
0.5829549
0.64356965
0.608567
0.6764741
0.6376713
0.557412
0.7090876
0.64250505
0.68308455
0.76211655
0.6670964
0.77646196
0.74754804
0.6733633
0.644294
0.6996701
0.75856495
0.78291136
0.34176677
0.6982988
0.6389695
0.5608381
0.36342275
0.76827526
0.68634963
0.81304866
0.62743616
0.6502032
0.7039044
0.62022454
0.4559508
0.63352925
0.6725935
0.6047483
0.7859818
0.79098284
0.6048351
0.6908807
0.7057843
0.77082264
0.55834055
0.76021683
0.52737045
0.5719121
0.7836632
0.6792294
0.7871292
0.72066134
0.64208317
0.3298569
0.757362
0.7471313
0.78578025
0.5511797
0.6077208
0.759424
0.732448
0.77477854
0.6921794
0.31610274
0.6806201
0.5931176
0.7003906
0.8128959
0.6283359
0.7037114
0.6965511
0.620823
0.72510177
0.69386774
0.26334625
0.6644212
0.8010707
0.60165596
0.6715493
0.7032529
0.49493843
0.78647614
0.8421711
0.6318068
0.672886
0.64000374
0.53328586
0.54211456
0.5860859
0.7728725
0.5173166
0.76957446
0.6980779
0.6251945
0.54283005
0.71118706
0.72253627
0.5923998
0.7484937
0.7194562
0.82041353
0.6877415