0.73721015
0.7369072
0.3616659
0.53549075
0.41076308
0.6323571
0.67548335
0.67733306
0.75750726
0.67726624
0.6206541
0.7245542
0.44329745
0.748984
0.54959
0.5777919
0.7082345
0.6503019
0.6177721
0.7647298
0.768275
0.61375886
0.3583317
0.62571853
0.54424495
0.6180221
0.6738186
0.7631781
0.6212459
0.76716274
0.5335945
0.4642071
0.4476605
0.35226256
0.46914446
0.6232295
0.6557438
0.71317065
0.63876045
0.6987378
0.7062037
0.7015133
0.62337655
0.78688973
0.73608756
0.7732739
0.6425274
0.78096855
0.6271481
0.36075854
0.7474127
0.62492913
0.702448
0.6086455
0.6916611
0.6570636
0.741024
0.69469714
0.6272109
0.74565345
0.57379323
0.70377916
0.4405132
0.5908351
0.67819893
0.78104526
0.77442485
0.5655664
0.704687
0.76809293
0.707273
0.7443002
0.40886736
0.64342844
0.6563361
0.753312
0.77695876
0.65705425
0.3661846
0.6017936
0.6121506
0.50559944
0.62489057
0.67120564
0.4941514
0.4682014
0.6349689
0.5300647
0.536816
0.64827067
0.6501483
0.77145845
0.7010291
0.7579833
0.7202369
0.6770361
0.40009195
0.67971694
0.73837894
0.44184
0.6907676
0.58604455
0.6216853
0.3851292
0.62399405
0.67335224
0.7517875
0.64085174
0.7463079
0.5951618
0.72372776
0.7300986
0.78117436
0.7671349
0.7183808
0.7395203
0.72557086
0.7453677
0.8004156
0.52786857
0.6769264
0.5219806
0.7481722
0.47803146
0.77178985
0.6289286
0.6151339
0.6700754
0.6039272
0.6610118
0.6538466
0.6539917
0.48160446
0.6661911
0.7362352
0.74437845
0.7341727
0.6381003
0.41534194
0.77261406
0.682154
0.7383187
0.72847646
0.5478304
0.6495149
0.67292064
0.619624
0.6949566
0.6140114
0.5552412
0.58316696
0.6026403
0.6783973
0.56950784
0.62927103
0.7665714
0.59947956
0.65614593
0.7322209
0.6442248
0.6319196
0.5941021
0.5369611
0.7100476
0.48719633
0.7669161
0.40533543
0.3591742
0.5750969
0.6375221
0.6030569
0.6563629
0.5666005
0.63145465
0.5906146
0.6107775
0.6439948
0.71810395
0.6319887
0.6502502
0.7529009
0.756653
0.68300384
0.6854523
0.6494617
0.61334515
0.646591
0.62650114
0.5221431
0.7380633
0.71728516
0.64185077
0.43465585
0.6738111
0.6350885
0.60812473
0.6385733
0.69844383
0.6706368
0.5696141
0.761874
0.6716508
0.65485674
0.6371623
0.6460031
0.6766328
0.60583705
0.6011077
0.6494786
0.7008369
0.7070341
0.65083253
0.60415953
0.6686106
0.67201227
0.44208026
0.67388165
0.44032162
0.62783617
0.62697566
0.62832737
0.36429572
0.63160425
0.60587317
0.619957
0.64577866
0.67835426
0.6933379
0.6442248
0.3743233
0.70162433
0.633533
0.5399536
0.5470748
0.7249462
0.62937284
0.6516573
0.6392017
0.6490256
0.64978176
0.7378658
0.65879464
0.7536314
0.6497092
0.60300726
0.68375313
0.66234595
0.69082904
0.64497733
0.6517504
0.6180016
0.6238535
0.68266004
0.6110489
0.39736456
0.40262765
0.637319
0.6080952
0.78002256
0.66058725
0.66634744
0.5654762
0.6051761
0.75469154
0.46330142
0.7533621
0.6434335
0.63287365
0.7549339
0.62905496
0.62543815
0.6406365
0.7528076
0.6306841
0.5963985
0.632553
0.6353244
0.70739365
0.6622769
0.6710137
0.63790995
0.45174673
0.53234667
0.7769502
0.6691273
0.63189924
0.71325785
0.5736997
0.67398614
0.73844403
0.6275037
0.6199745
0.6915073
0.6732883
0.61476153
0.6064356
0.769864
0.68696374
0.56465423
0.46433592
0.58712757
0.7888401
0.5974068
0.7767758
0.459727
0.6494786
0.66265774
0.6175592
0.68676394
0.75818384
0.3730873
0.78251576
0.7978891
0.7192694
0.6048471
0.64777005
0.36376554
0.75500506
0.742571
0.38292143
0.68236667
0.7331829
0.7065575
0.67448425
0.533885
0.6377402
0.63875186
0.52375585
0.6575659
0.6853778
0.64299
0.73020244
0.6393933
0.66647893
0.36116618
0.76956713
0.7799179
0.6042879
0.737685
0.63800335
0.39676487
0.749619
0.69798726
0.7584382
0.639168
0.7982513
0.6514683
0.6899126
0.7212271
0.75553113
0.6187619
0.6554765
0.44992018
0.3855449
0.53537923
0.49514222
0.5550494
0.8002494
0.7447184
0.63588357
0.6406365
0.63690263
0.41921526
0.66675377
0.6486086
0.67101985
0.62678605
0.647463
0.6573509
0.6018182
0.56426775
0.5308055
0.5963481
0.56587577
0.61199176
0.77093613
0.5389548
0.5276346
0.75318044
0.42942137
0.65305394
0.6473165
0.5736141
0.73764294
0.65173835
0.71487665
0.6672701
0.6192677
0.604667
0.73486596