0.7584287
0.7036092
0.6573133
0.69896984
0.7592069
0.71005857
0.7376273
0.7419615
0.59008515
0.5999553
0.5329443
0.80769193
0.77627003
0.7366055
0.7425815
0.5599305
0.51555914
0.7293744
0.7512089
0.6651938
0.59782195
0.7731396
0.7415683
0.73208416
0.7301519
0.7573056
0.7775192
0.44996092
0.72229785
0.7722796
0.5503814
0.43960264
0.7099376
0.7323568
0.7269793
0.53900576
0.60353744
0.448506
0.73288447
0.4186732
0.6536248
0.7202995
0.7352576
0.73900896
0.5503551
0.6481281
0.72278273
0.7884154
0.5701539
0.6282137
0.7312953
0.62825656
0.7174496
0.5583561
0.73211354
0.7095707
0.55595577
0.69631875
0.71292454
0.6818058
0.72615314
0.6280513
0.7268144
0.64026654
0.6075001
0.74199855
0.41446772
0.589628
0.40452316
0.5793887
0.7336999
0.7915399
0.7125648
0.7525004
0.75992554
0.6757249
0.391372
0.6778071
0.7880026
0.4951105
0.75402486
0.3742712
0.6623168
0.74301326
0.556126
0.703572
0.72454184
0.63835156
0.34116086
0.72376287
0.7222817
0.72945595
0.74342704
0.45007008
0.61594754
0.583915
0.48100036
0.77389103
0.44560462
0.74032134
0.73813784
0.7226651
0.4665703
0.36371702
0.49059987
0.6882409
0.77481717
0.6708263
0.7259439
0.62186193
0.7520442
0.6574402
0.6714909
0.6347474
0.6780096
0.6915257
0.64570385
0.72566116
0.7327988
0.45239848
0.6075805
0.45255965
0.6676151
0.8177059
0.5323067
0.5920917
0.7093088
0.7003
0.72217655
0.7288527
0.7276274
0.73598313
0.63083994
0.72882617
0.6738598
0.5905204
0.81722164
0.41792098
0.65601176
0.75452185
0.73175895
0.7417381
0.6388744
0.75859123
0.68129945
0.7316021
0.6320552
0.7137134
0.73574173
0.5226816
0.55329496
0.5585311
0.46481487
0.75847757
0.74087405
0.7334962
0.58063346
0.75834024
0.6801146
0.7835288
0.7057534
0.4519775
0.71950555
0.6068806
0.7355133
0.35647118
0.7322818
0.734685
0.51773703
0.65984476
0.59390336
0.6813675
0.64228225
0.6135875
0.5964606
0.7371164
0.7407154
0.7824704
0.7850206
0.5764531
0.61320966
0.76399904
0.5666054
0.7465811
0.7611531
0.7577221
0.53253233
0.5696432
0.45454317
0.49609917
0.756693
0.73859453
0.67922837
0.5089614
0.75156176
0.74973345
0.64336777
0.70634055
0.5254321
0.3844732
0.7329655
0.591283
0.712618
0.7269337
0.74548686
0.69675475
0.54564536
0.7709158
0.5652972
0.6348197
0.69847333
0.48396748
0.35586992
0.73617846
0.54283553
0.5964606
0.6681678
0.3869611
0.40738904
0.58673084
0.77872634
0.65589553
0.7603849
0.7148627
0.38416028
0.55839866
0.7129531
0.70323265
0.75528765
0.6788523
0.6879572
0.7237498
0.5896748
0.73485065
0.7493304
0.39058477
0.73219454
0.75020075
0.62278485
0.43678176
0.7408796
0.589697
0.5071596
0.7797618
0.7289431
0.7296294
0.760111
0.721488
0.68194145
0.75052977
0.6703696
0.5455584
0.5572042
0.75991416
0.58300555
0.7323487
0.6293928
0.74184453
0.6974895
0.4879188
0.5392049
0.7333227
0.65867865
0.6795952
0.6959585
0.4003386
0.45155454
0.5687623
0.735145
0.41219187
0.4470549
0.4893377
0.7520895
0.74855095
0.63803804
0.6517147
0.43130428
0.55630076
0.3624121
0.7592205
0.6951319
0.7547253
0.65362877
0.7794659
0.48054123
0.3769859
0.6935511
0.39624196
0.73443556
0.7369373
0.63268375
0.45405307
0.71950555
0.55748737
0.72718346
0.41728967
0.5135923
0.6314297
0.65287614
0.5874318
0.75132215
0.7432867
0.73234046
0.72605383
0.6683804
0.5897045
0.4751576
0.72414654
0.44467875
0.77756476
0.7890649
0.4984817
0.6917554
0.4978633
0.5002158
0.39117813
0.6383209
0.7337973
0.7168555
0.72365284
0.7604352
0.73659873
0.6131048
0.47255662
0.56511277
0.7660724
0.6152754
0.6496198
0.7583208
0.7245883
0.71737254
0.75313914
0.7593261
0.49881682
0.72906995
0.6126099
0.7313174
0.6093396
0.52642256
0.7572869
0.7593792
0.64196515
0.38910103
0.75780535
0.74101007
0.7645935
0.67142993
0.48062566
0.5916451
0.7688531
0.75181293
0.5069759
0.36990717
0.72945094
0.53981555
0.6737284
0.71668917
0.60323274
0.62287754
0.69099766
0.5932026
0.69804496
0.6581361
0.36450407
0.74961925
0.78114504
0.5207196
0.6107348
0.72732174
0.43261304
0.75918996
0.7968333
0.46039477
0.70392346
0.5884427
0.6045879
0.6883379
0.46094573
0.76637185
0.70233977
0.64951926
0.72681135
0.49226746
0.74356854
0.5750218
0.74486876
0.59376293
0.6906147
0.76061624
0.827636
0.72015