0.699813
0.7704251
0.43643525
0.604393
0.45697236
0.6234207
0.7342386
0.663306
0.7347816
0.7367704
0.6395347
0.77823234
0.51615065
0.75792485
0.5886531
0.5623844
0.67336774
0.6694362
0.639822
0.7627616
0.7576331
0.56797576
0.37301174
0.607297
0.60363847
0.6695361
0.7030803
0.769668
0.6898674
0.74551547
0.592593
0.5573069
0.6112593
0.5447771
0.5183193
0.64192164
0.66896594
0.69334805
0.64637506
0.67675483
0.60066867
0.6343597
0.6142426
0.7703546
0.7684717
0.73623824
0.6297431
0.72012407
0.52140594
0.41279882
0.6804087
0.5989214
0.7196908
0.5579938
0.6736449
0.68232685
0.7746805
0.6903558
0.620229
0.7611667
0.51083577
0.6665122
0.49548286
0.6570598
0.7099433
0.7616278
0.7104399
0.5942955
0.63690996
0.7256551
0.7049527
0.7541464
0.41700724
0.59854996
0.61764914
0.75839794
0.7631589
0.60239
0.40104723
0.61104405
0.57135963
0.53779536
0.6590557
0.6795312
0.48409438
0.5528648
0.5298851
0.5987255
0.5339932
0.67822886
0.65693104
0.7810503
0.6808922
0.7811025
0.6462747
0.6768178
0.47255206
0.70262533
0.7718581
0.4701998
0.6843542
0.58002627
0.62391603
0.41478255
0.6075227
0.66458976
0.6968863
0.6345819
0.7568628
0.62907183
0.6813501
0.66394114
0.7626381
0.72596467
0.6973146
0.76743627
0.7323308
0.7223712
0.76323915
0.5894553
0.68713343
0.5277779
0.7004472
0.46751738
0.7721486
0.59466076
0.6626156
0.6631839
0.623412
0.68508065
0.6925107
0.67976373
0.5397366
0.69356906
0.70499134
0.75982606
0.7602012
0.6072506
0.47450393
0.7295679
0.70479786
0.7867477
0.7503729
0.54673284
0.6854522
0.6942463
0.5943198
0.6865128
0.6251793
0.53084666
0.59534484
0.5869787
0.6390918
0.6278454
0.6202293
0.79553866
0.5535189
0.6489841
0.7297399
0.65806973
0.6596321
0.59260917
0.59055537
0.74110615
0.49777326
0.77847564
0.4098684
0.436051
0.5729878
0.70844555
0.5883978
0.6549696
0.5330484
0.61797833
0.5862045
0.52680755
0.6857884
0.69402754
0.6293803
0.6793996
0.7361475
0.72974575
0.5686085
0.6973486
0.6423352
0.6655377
0.6474577
0.6104958
0.6402495
0.7547231
0.6337738
0.6705111
0.49501237
0.69159913
0.5385207
0.6418418
0.58137304
0.71705085
0.6581696
0.57391
0.7503948
0.6858301
0.61585975
0.5999307
0.6881261
0.6508678
0.57041276
0.5284642
0.52359694
0.7542721
0.6687318
0.65905654
0.5946913
0.6511371
0.61888784
0.513121
0.6747428
0.47232085
0.6699196
0.64270735
0.5625284
0.42194697
0.664618
0.66282743
0.65664816
0.53876746
0.58080167
0.7081166
0.65806973
0.46083552
0.630028
0.62063205
0.5387564
0.5385605
0.71254575
0.6397716
0.6782802
0.6497866
0.669597
0.65254724
0.7473094
0.6815795
0.71716344
0.66902614
0.59407306
0.6354023
0.684456
0.6421506
0.65633637
0.6292832
0.6298288
0.59633887
0.67709327
0.71426356
0.4452393
0.5566497
0.66738904
0.602828
0.7464496
0.65763867
0.6461303
0.55866504
0.66227835
0.77873015
0.46115184
0.73266494
0.7388111
0.63895476
0.73534983
0.71083844
0.609812
0.6198768
0.763893
0.64915836
0.58682716
0.61658984
0.61186486
0.74986136
0.6009098
0.68083346
0.59726715
0.48904198
0.5662192
0.7456111
0.62908566
0.56804264
0.6952441
0.51980793
0.65385675
0.75425375
0.62309945
0.61217225
0.750378
0.65653235
0.55678344
0.64387536
0.7620636
0.6552063
0.59131527
0.5011617
0.59265286
0.74888647
0.65412456
0.7455168
0.49828768
0.52359694
0.68953335
0.5760925
0.6663149
0.7359325
0.4594159
0.73844105
0.75138307
0.677551
0.57946515
0.7127639
0.4136845
0.7577396
0.7821403
0.49311143
0.7407633
0.7889334
0.6807705
0.683854
0.57635325
0.6384357
0.6365425
0.61634815
0.6866814
0.60219675
0.7431823
0.7371478
0.6490364
0.57293427
0.4120878
0.7414416
0.79132533
0.55076396
0.7213683
0.5912468
0.48652822
0.74682677
0.7043112
0.7316499
0.66196644
0.79664445
0.69809866
0.6852639
0.7445592
0.7371291
0.69065505
0.6613358
0.5727934
0.4472009
0.5624615
0.5581299
0.6105187
0.7778127
0.73333704
0.630098
0.6198768
0.6648021
0.51459616
0.6832596
0.6028813
0.6067719
0.60880417
0.66307735
0.69642377
0.5682559
0.55414623
0.53220314
0.56250054
0.60803026
0.66269934
0.75939465
0.5831839
0.5566125
0.7124963
0.47982025
0.68772066
0.58611804
0.51714426
0.65491647
0.6793187
0.70182663
0.65077937
0.6056522
0.5902668
0.72893465