0.7873248
0.5348051
0.56433433
0.7588409
0.6506661
0.683527
0.703069
0.7517818
0.71022034
0.6344377
0.6765456
0.78256786
0.76496935
0.7768973
0.7774948
0.62845504
0.56858796
0.68555355
0.81591356
0.7009795
0.62275755
0.8055459
0.7469728
0.8032769
0.8215129
0.8367398
0.7702415
0.3187698
0.6229942
0.767372
0.67890656
0.683434
0.63196194
0.76981485
0.5533958
0.68759996
0.5474206
0.6602224
0.55243766
0.5450867
0.5917307
0.61920464
0.56031024
0.52462834
0.6350466
0.7535641
0.68747604
0.71113694
0.65694404
0.38413948
0.800393
0.7324108
0.72870326
0.5470021
0.8213768
0.7092608
0.71699727
0.5688548
0.69377327
0.8014879
0.65403783
0.7620339
0.7940445
0.6518649
0.6398689
0.7208777
0.42690343
0.6231812
0.5874077
0.58500534
0.77337766
0.8096542
0.49354014
0.7913971
0.7919655
0.7060713
0.68120027
0.6033598
0.7912421
0.6811513
0.7690562
0.45028
0.63420665
0.70852554
0.7716518
0.88191307
0.6629614
0.58812654
0.42012113
0.69102347
0.6621605
0.72111344
0.67337596
0.6928028
0.654631
0.5399898
0.5461147
0.70734453
0.53123677
0.7238343
0.7014103
0.59707093
0.6784172
0.44311184
0.7004913
0.60077655
0.6842395
0.69348395
0.7020521
0.6912589
0.5865886
0.68986416
0.5685148
0.64001834
0.7347506
0.6142885
0.73047805
0.6166853
0.72015035
0.5279106
0.6276697
0.75721824
0.665154
0.8160323
0.77258086
0.5905245
0.7766212
0.69597304
0.54886484
0.75883734
0.5729283
0.7087548
0.556657
0.6989089
0.58008194
0.6393321
0.78300047
0.6365249
0.68243384
0.812268
0.7453108
0.7945989
0.7300073
0.8014858
0.73472565
0.6841563
0.73620605
0.6257385
0.6128236
0.5978661
0.64039963
0.6156312
0.53703415
0.75194633
0.77123094
0.51566285
0.6744926
0.72598016
0.5266166
0.84687984
0.77678776
0.46739486
0.7059784
0.70709646
0.6999798
0.39371002
0.6850656
0.553681
0.68135893
0.6862072
0.5724385
0.6408589
0.7236403
0.5899396
0.72646964
0.79216206
0.75612915
0.8166599
0.8157517
0.6317254
0.3387574
0.7773117
0.6477677
0.74820447
0.85931456
0.7732252
0.68223274
0.6565902
0.2793544
0.5364214
0.78079677
0.76165307
0.6552285
0.6284597
0.72856086
0.74863815
0.6877979
0.62933147
0.64510643
0.65478
0.77863175
0.6738473
0.7863315
0.5103346
0.6457618
0.70869434
0.785465
0.78792584
0.5744916
0.6647328
0.6326308
0.6520562
0.6118221
0.7064427
0.58370286
0.72646964
0.6690906
0.42809844
0.7041924
0.5588521
0.77922237
0.65564907
0.78391564
0.69705
0.40390936
0.6555757
0.72436273
0.59609747
0.7832091
0.7024336
0.544773
0.64516693
0.4752444
0.75505114
0.7897197
0.32787514
0.6627288
0.6991228
0.58653295
0.5902148
0.5773494
0.78755236
0.5600779
0.80952793
0.48971075
0.71114415
0.8265763
0.6802187
0.7177986
0.7710686
0.7737206
0.6399353
0.5691978
0.68597335
0.69699216
0.63068646
0.78783786
0.6881603
0.76704574
0.5928995
0.6192883
0.7183455
0.79706454
0.6839594
0.7498352
0.55357015
0.61221766
0.75885236
0.6524754
0.27365214
0.71448106
0.6055753
0.7720219
0.74242115
0.55980074
0.5215019
0.6555073
0.6045191
0.48055768
0.72004855
0.6554642
0.7919506
0.6889869
0.7817931
0.5778085
0.6972492
0.7518306
0.6165521
0.75046647
0.7340292
0.7225952
0.3149996
0.7059784
0.6357231
0.6656939
0.5206545
0.6985635
0.63754845
0.55890656
0.68569636
0.60887635
0.6341825
0.7594094
0.6589254
0.8038502
0.6935679
0.67122304
0.6194954
0.7200675
0.74557066
0.7676871
0.35553992
0.6777457
0.51860106
0.584545
0.28948027
0.773631
0.6725631
0.78150845
0.7259665
0.65779626
0.6074016
0.63551295
0.4297161
0.6468402
0.6670114
0.6182903
0.7889259
0.795816
0.61047316
0.65065956
0.7063647
0.7933631
0.5445485
0.7699887
0.5367774
0.55562437
0.7945797
0.71212864
0.7536068
0.7233865
0.678301
0.3102411
0.7834363
0.7217684
0.83854973
0.5797876
0.59463376
0.7270527
0.6868924
0.8140125
0.7399914
0.3120937
0.68022835
0.66457057
0.6835371
0.7885372
0.6421688
0.7053788
0.73423827
0.6014987
0.7317936
0.7017943
0.25911438
0.7058766
0.78687394
0.58731264
0.65566754
0.70539355
0.51791036
0.78875375
0.897936
0.6267011
0.6664448
0.6331464
0.51009023
0.54310566
0.57647717
0.7544135
0.53923404
0.76688814
0.6765057
0.65005505
0.5620613
0.6905055
0.7146301
0.61377424
0.74330056
0.70812386
0.82443976
0.69711727