0.6141573
0.74619395
0.38207147
0.5402527
0.50543237
0.69028157
0.6887496
0.64637285
0.7693644
0.69036514
0.5757835
0.7619825
0.5374375
0.70447737
0.61924833
0.6626137
0.66555583
0.62231904
0.58584434
0.7024647
0.71988374
0.5282038
0.368833
0.5522114
0.5839188
0.58321846
0.628835
0.7446193
0.608986
0.7291587
0.60766935
0.48127562
0.6611492
0.44869277
0.5935419
0.6522161
0.62892014
0.6752358
0.61307883
0.6770616
0.6628056
0.71302575
0.60119075
0.781173
0.7508902
0.748588
0.66163474
0.7645435
0.56021875
0.34822583
0.6380747
0.56533647
0.64336973
0.6397933
0.69455385
0.6933961
0.72537726
0.7238639
0.5687316
0.7191395
0.6519207
0.6528178
0.4791695
0.6683032
0.62640303
0.7232189
0.6543584
0.5401725
0.63379735
0.7830319
0.7095489
0.63432556
0.36872864
0.69723374
0.6174237
0.6971312
0.6969746
0.54891896
0.43139443
0.60985464
0.6396546
0.61715806
0.5921677
0.65266025
0.39975697
0.53585535
0.650274
0.53724605
0.57089144
0.69860446
0.6607606
0.7436367
0.69396526
0.7773215
0.66805303
0.75011164
0.4145164
0.74698913
0.7406377
0.49631378
0.70047337
0.6295844
0.57920295
0.42604995
0.57815444
0.508896
0.7027686
0.57895505
0.73048264
0.66248614
0.7614147
0.7646033
0.76387197
0.75881755
0.7261922
0.7310303
0.6544903
0.7763919
0.7625436
0.5911295
0.6960759
0.5331457
0.69585943
0.50294256
0.72009
0.65583676
0.6635526
0.6619504
0.62560594
0.6701807
0.63685775
0.6823079
0.5319093
0.6375535
0.76671374
0.6775138
0.77480906
0.6812236
0.47427768
0.7141772
0.6403313
0.71287555
0.73890656
0.50452065
0.611396
0.63443464
0.64614266
0.64193887
0.69763345
0.58656055
0.6591013
0.6336457
0.6881301
0.66874427
0.6183315
0.69311804
0.51621544
0.63901824
0.65357465
0.65161043
0.6023751
0.6004163
0.55830675
0.74411654
0.6102697
0.71900046
0.54111195
0.38247645
0.6235307
0.66873443
0.6737327
0.68887454
0.536748
0.50956404
0.6287792
0.57401216
0.64954585
0.66436774
0.5589524
0.7468524
0.74969524
0.77325135
0.62413925
0.69825524
0.6449575
0.75085443
0.59399974
0.6665506
0.6750377
0.72265834
0.6534808
0.67685074
0.41640142
0.6243057
0.54295605
0.5345642
0.6851113
0.60185534
0.64685917
0.501002
0.733094
0.64562935
0.6527196
0.59623915
0.6460754
0.65273875
0.59516954
0.48479235
0.60651433
0.7094923
0.65619737
0.66145486
0.56985885
0.57312214
0.5848841
0.4454375
0.6726986
0.54547185
0.5796096
0.6454348
0.66871077
0.38676834
0.68831784
0.6166007
0.60213536
0.3386257
0.6564598
0.6558675
0.65161043
0.6066098
0.6648912
0.6079365
0.5021424
0.63436264
0.6979419
0.64402777
0.62603587
0.62347907
0.67895633
0.6563752
0.69591266
0.60143363
0.7033042
0.6796957
0.62648076
0.691039
0.6391935
0.6161152
0.752979
0.64719564
0.5903668
0.5832454
0.75525725
0.615585
0.48111534
0.6553891
0.6140851
0.72029626
0.76223904
0.7249249
0.6350624
0.5365087
0.6082582
0.7451921
0.5282088
0.64600974
0.6528401
0.6160253
0.7174984
0.70070094
0.64030075
0.5747872
0.7190882
0.6637718
0.6106953
0.6456668
0.67676455
0.7667103
0.64611864
0.6562806
0.68089074
0.5002719
0.6388262
0.74253786
0.63555723
0.561053
0.69400567
0.55275965
0.6787837
0.7207361
0.5996087
0.6100125
0.7363253
0.71755284
0.6264212
0.54804397
0.7750853
0.6584643
0.54639125
0.5575263
0.6230933
0.7859351
0.61054426
0.7485356
0.59653753
0.60651433
0.65745604
0.62507176
0.68127835
0.71925354
0.40785196
0.76867527
0.7855057
0.6993876
0.545504
0.6767139
0.38241374
0.70462126
0.75057846
0.47824144
0.7167365
0.75830495
0.63753325
0.6434165
0.66155666
0.6324467
0.56661683
0.542312
0.6241727
0.7223068
0.7269339
0.67642033
0.67461294
0.347035
0.37496477
0.76148367
0.7894145
0.6281626
0.6691859
0.6576965
0.5283491
0.806449
0.656003
0.6518479
0.6257227
0.7813922
0.65053165
0.6851856
0.6979738
0.68126327
0.65922964
0.76168317
0.5177255
0.39297733
0.5457643
0.5866096
0.5948417
0.7956572
0.6271997
0.62698025
0.5747872
0.61656654
0.5534207
0.68662065
0.5754838
0.58097357
0.6932292
0.6109384
0.61076313
0.62773216
0.6065505
0.5645754
0.58442575
0.6378593
0.6734155
0.78719115
0.64952993
0.60334015
0.68107814
0.5823843
0.6191534
0.6118597
0.6039596
0.6093785
0.60339934
0.6860194
0.7176806
0.639207
0.6001225
0.69254136